Метод 1: Метод Эйлера
Решение:
X:          0        0.1        0.2        0.3        0.4        0.5        0.6        0.7        0.8        0.9          1 
Y:          1        1.1       1.19    1.27196    1.34766    1.41847    1.48513    1.54758    1.60492    1.65541    1.69661 
Точное решение:
Y:          1    1.09534    1.18266    1.26376    1.34001    1.41211    1.47999    1.54274    1.59864    1.64526    1.67968 
Погрешность относительно точного решения:
0.0775537
Погрешность методом Рунге-Ромберга:
X[0]: -0
X[1]: -0.00333333
X[2]: -0.00534368
X[3]: -0.00609061
X[4]: -0.005823
X[5]: -0.00494817
X[6]: -0.00398561
X[7]: -0.00350928
X[8]: -0.00408408
X[9]: -0.00620223
X[10]: -0.0102254

Метод 2: Метод Рунге-Кутты
Решение:X:          0        0.1        0.2        0.3        0.4        0.5        0.6        0.7        0.8        0.9          1 
Y:          1    1.09534    1.18266    1.26376    1.34001    1.41211    1.47999    1.54274    1.59864    1.64526    1.67969 
Точное решение:Y:          1    1.09534    1.18266    1.26376    1.34001    1.41211    1.47999    1.54274    1.59864    1.64526    1.67968 
Погрешность относительно точного решения:
1.48697e-005
Погрешность методом Рунге-Ромберга:
X[0]: -0
X[1]: -5.39739e-007
X[2]: -1.05352e-006
X[3]: -1.49463e-006
X[4]: -1.82415e-006
X[5]: -2.0146e-006
X[6]: -2.05248e-006
X[7]: -1.9396e-006
X[8]: -1.69295e-006
X[9]: -1.34318e-006
X[10]: -9.31888e-007

Метод 3: Метод Адамса
Решение:
X:          0        0.1        0.2        0.3        0.4        0.5        0.6        0.7        0.8        0.9          1 
Y:          1    1.09534    1.18266    1.26376    1.34009    1.41221    1.48008    1.54275    1.59851    1.64493    1.67911 
Точное решение:
Y:          1    1.09534    1.18266    1.26376    1.34001    1.41211    1.47999    1.54274    1.59864    1.64526    1.67968 
Погрешность относительно точного решения: 0.00133145
Погрешность методом Рунге-Ромберга:
X[0]: -0
X[1]: -5.39739e-007
X[2]: 2.15197e-006
X[3]: 6.65434e-006
X[4]: -7.96602e-005
X[5]: -0.000106403
X[6]: -9.05516e-005
X[7]: -1.58885e-005
X[8]: 0.000123767
X[9]: 0.00031791
X[10]: 0.000557793
