Метод 1: Метод стрельбы
Решение:
X:          1        1.1        1.2        1.3        1.4        1.5        1.6        1.7        1.8        1.9          2 
Y:    2.71863    2.73141    2.76712     2.8229    2.89694    2.98818    3.09604    3.22038    3.36135    3.51934      3.695 
Точное решение:
Y:    2.71828    2.73106    2.76676    2.82254    2.89657    2.98779    3.09565    3.21997    3.36092    3.51889    3.69453 
Погрешность относительно точного решения:
0.00433988
Погрешность методом Рунге-Ромберга:
X[0]: 2.08284e-006
X[1]: -1.2861e-006
X[2]: -2.84422e-006
X[3]: -3.47277e-006
X[4]: -3.61499e-006
X[5]: -3.50319e-006
X[6]: -3.2627e-006
X[7]: -2.96216e-006
X[8]: -2.63923e-006
X[9]: -2.31411e-006
X[10]: -1.99698e-006

Метод 2: Метод конечных разностей
Решение:
X:          1        1.1        1.2        1.3        1.4        1.5        1.6        1.7        1.8        1.9          2 
Y:    2.72742    2.73901    2.77377    2.82879    2.90222    2.99295    3.10039    3.22437    3.36503    3.52276    3.69819 
Точное решение:
Y:    2.71828    2.73106    2.76676    2.82254    2.89657    2.98779    3.09565    3.21997    3.36092    3.51889    3.69453 
Погрешность относительно точного решения:
0.0619573
Погрешность методом Рунге-Ромберга:
X[0]: -0.00841984
X[1]: -0.00728848
X[2]: -0.00639161
X[3]: -0.00567042
X[4]: -0.00508305
X[5]: -0.0045989
X[6]: -0.00419503
X[7]: -0.00385386
X[8]: -0.00356164
X[9]: -0.00330738
X[10]: -0.00308209
