Iterations: 4220
[0.0, 0.01, 0.02, 0.03, 0.04, 0.05, 0.06, 0.07, 0.08, 0.09, 0.1, 0.11, 0.12, 0.13, 0.14, 0.15, 0.16, 0.17, 0.18, 0.19, 0.2, 0.21, 0.22, 0.23, 0.24, 0.25, 0.26, 0.27, 0.28, 0.29, 0.3, 0.31, 0.32, 0.33, 0.34, 0.35000000000000003, 0.36, 0.37, 0.38, 0.39, 0.4, 0.41000000000000003, 0.42, 0.43, 0.44, 0.45, 0.46, 0.47000000000000003, 0.48, 0.49, 0.5, 0.51, 0.52, 0.53, 0.54, 0.55, 0.56, 0.5700000000000001, 0.58, 0.59, 0.6, 0.61, 0.62, 0.63, 0.64, 0.65, 0.66, 0.67, 0.68, 0.6900000000000001, 0.7000000000000001, 0.71, 0.72, 0.73, 0.74, 0.75, 0.76, 0.77, 0.78, 0.79, 0.8, 0.81, 0.8200000000000001, 0.8300000000000001, 0.84, 0.85, 0.86, 0.87, 0.88, 0.89, 0.9, 0.91, 0.92, 0.93, 0.9400000000000001, 0.9500000000000001, 0.96, 0.97, 0.98, 0.99, 1.0]
[0.01, 0.01980933927664526, 0.029618854079909572, 0.039428719971816586, 0.049239111942108504, 0.059050205086100684, 0.06886217335504584, 0.0786751908740251, 0.0884894300532969, 0.09830506354204249, 0.10812226170544367, 0.11794119520833274, 0.12776203186457255, 0.13758493984288958, 0.14741008389698146, 0.15723762918403367, 0.16706773688585694, 0.17690056862880038, 0.18673628150812277, 0.19657503309621785, 0.20641697588435173, 0.216262262864304, 0.22611104140356014, 0.2359634593836465, 0.2458196585268438, 0.2556797810726604, 0.2655439625761315, 0.2754123391020256, 0.2852850395168118, 0.29516219317833836, 0.3050439217455763, 0.3149303473396518, 0.32482158389749965, 0.3347177457782762, 0.34461893868907956, 0.3545252687089189, 0.3644368328166649, 0.3743537283029198, 0.38427604293233797, 0.3942038647119343, 0.4041372717218507, 0.4140763422068705, 0.4240211441115848, 0.4339717454601595, 0.443928203633661, 0.4538905760014617, 0.4638589089802039, 0.47383324887864153, 0.48381363077933437, 0.49380008955722626, 0.5037926486266493, 0.5137913310925465, 0.523796148406713, 0.5338071116092986, 0.5438242199393976, 0.5538474721233325, 0.56387685498571, 0.5739123547400065, 0.5839539456470207, 0.5940016012624629, 0.6040552831903394, 0.6141149522416157, 0.6241805573304389, 0.6342520464975211, 0.6443293559972292, 0.6544124211391219, 0.6645011656138134, 0.6745955121061084, 0.6846953719071562, 0.6948006552528792, 0.7049112612692731, 0.715027087990323, 0.7251480226823627, 0.7352739514964348, 0.7454047502163915, 0.7555402935016801, 0.7656804461023637, 0.775825071649597, 0.7859740243789594, 0.7961271574274429, 0.8062843151044323, 0.8164453406558483, 0.8266100691197765, 0.836778334520502, 0.8469499633432093, 0.8571247811229763, 0.8673026065701525, 0.8774832575219683, 0.88766654574715, 0.8978522822306219, 0.9080402726826711, 0.918230322130254, 0.9284222311526014, 0.9386157997558695, 0.9488108243534967, 0.9590071009043555, 0.9692044226524554, 0.9794025825123217, 0.9896013715788288, 0.9998005807472254, 1.01]
[0.02, 0.029618854079909572, 0.0392380592130573, 0.04885796588056006, 0.05847892470483266, 0.06810128459242384, 0.07772539472992099, 0.08735160144581418, 0.09698025148229246, 0.10661168758380783, 0.1162462530346344, 0.1258842859854418, 0.1355261252429507, 0.1451721033495048, 0.15482255360760863, 0.16447780193121345, 0.17413817508436027, 0.18380399132667258, 0.19347556984174288, 0.20315322020315524, 0.21283725296464537, 0.22252796797685886, 0.23222566610768, 0.24193063644386398, 0.2516431691062701, 0.26136354137448425, 0.27109203155800765, 0.28082890408600064, 0.29057442439177766, 0.3003288430138437, 0.31009241144733213, 0.3198653653065613, 0.32964794109333506, 0.3394403584752982, 0.349242837917315, 0.35905558213392963, 0.3688787945263579, 0.3787126598713433, 0.3885573635026554, 0.3984130713025478, 0.4082799495630805, 0.41815814435019966, 0.42804780197670805, 0.43794904781267635, 0.44786200729849845, 0.45778678427887254, 0.46772348248112977, 0.47767218345335477, 0.4876329684300899, 0.4976058959582706, 0.5075910240695127, 0.5175883876803756, 0.5275980209877763, 0.5376199347326259, 0.5476541387325015, 0.5577006190999029, 0.5677593608241899, 0.5778303250375285, 0.5879134715563037, 0.5980087362892376, 0.6081160536470399, 0.6182353341881593, 0.6283664868043725, 0.6385093967001297, 0.6486639472611389, 0.6588299984632744, 0.6690074083310081, 0.6791960118713357, 0.6893956420291697, 0.6996061092406862, 0.7098272217935445, 0.7200587660924538, 0.7303005263333423, 0.7405522655717767, 0.7508137446219804, 0.7610847040160086, 0.7713648820408271, 0.7816539976728492, 0.7919517676691293, 0.8022578905580225, 0.8125720627039269, 0.8228939634304344, 0.8332232699819669, 0.8435596438508787, 0.8539027445637537, 0.8642522172785215, 0.8746077053281067, 0.884968839147754, 0.895335247514133, 0.9057065478567683, 0.9160823561365589, 0.926462278588544, 0.9368459201900581, 0.9472328778750536, 0.9576227475487674, 0.9680151188065215, 0.9784095804587584, 0.9888057167797145, 0.9992031115139529, 1.0096013456725983, 1.02]
[0.03, 0.039428719971816586, 0.04885796588056006, 0.058288263769370977, 0.0677201379663234, 0.07715411311621273, 0.08659071043520197, 0.09603045166094921, 0.10547385339197765, 0.11492143294360646, 0.12437370078626732, 0.1338311682894019, 0.14329433827843135, 0.15276371464347394, 0.16223979104022473, 0.17172306233501708, 0.18121401148049462, 0.19071312276318295, 0.20022086689053872, 0.2097377160018062, 0.2192641270088101, 0.2288005583254424, 0.23834745151042488, 0.2479052496653031, 0.25747437743333484, 0.26705526101036337, 0.2766483065599803, 0.2862539217761135, 0.29587249278065336, 0.3055044071710307, 0.31515002947256704, 0.3248097255987471, 0.33448383693663225, 0.3441727061419672, 0.35387664994205714, 0.3635959861823071, 0.3733310054369732, 0.3830819992182449, 0.3928492304912039, 0.40263296295114576, 0.4124334305448808, 0.42225086771668574, 0.43208547804371156, 0.44193746534579675, 0.4518070015481594, 0.4616942585453269, 0.47159937540943764, 0.4815224908937882, 0.49146371010990225, 0.5014231375517071, 0.5114008433689882, 0.5213968967890358, 0.5314113321181355, 0.541444182433713, 0.5514954454490667, 0.5615651173456363, 0.5716531586392002, 0.5817595280189496, 0.5918841483558104, 0.6020269404125612, 0.6121877891367367, 0.6223665771041468, 0.6325631512399277, 0.6427773558565377, 0.6530089999469079, 0.6632578896773461, 0.6735237963963655, 0.6838064884429699, 0.6941057000135632, 0.7044211621468467, 0.7147525725892256, 0.725099625819051, 0.7354619840481138, 0.7458393061502359, 0.7562312199327746, 0.7666373498376307, 0.7770572906121653, 0.7874906336545573, 0.7979369422081812, 0.8083957762279091, 0.8188666692158211, 0.8293491514905127, 0.8398427287750349, 0.8503469037575185, 0.8608611565345058, 0.8713849643582177, 0.8819177840299857, 0.8924590697372381, 0.9030082574826234, 0.9135647809222323, 0.9241280579062819, 0.9346975042391872, 0.9452725223974067, 0.9558525131416685, 0.9664368664668471, 0.977024971006875, 0.9876162072603969, 0.998209954739592, 1.0088055875039237, 1.0194024790151814, 1.03]
[0.04, 0.049239111942108504, 0.05847892470483266, 0.0677201379663234, 0.07696345168732736, 0.0862095624021922, 0.09545916720535094, 0.10471295748393049, 0.11397162545248739, 0.12323585534254794, 0.13250633246536137, 0.14178373188096616, 0.15106872996165907, 0.16036199057053319, 0.16966417909127385, 0.17897594615355805, 0.18829794408767067, 0.19763080824169968, 0.20697517581230576, 0.21633166480629942, 0.22570089519168832, 0.23508346556397774, 0.24447997655436002, 0.2538910052689346, 0.2633171308835941, 0.2727589069323035, 0.2822168890108804, 0.291691604998492, 0.30118358478513285, 0.31069332851856923, 0.32022133826290117, 0.32976808437128136, 0.3393340389755271, 0.348919640593032, 0.3585253293399932, 0.3681515098889781, 0.377798588290982, 0.3874669334080683, 0.3971569152222031, 0.4068688648752028, 0.4166031143351486, 0.4263599551834959, 0.4361396795028955, 0.4459425375586807, 0.4557687797651666, 0.4656186134157726, 0.4754922455783819, 0.48538983903501376, 0.49531155595066156, 0.5052575131896283, 0.5152278265964852, 0.5252225658618488, 0.5352417992487781, 0.545285548185832, 0.5553538322674126, 0.5654466237563265, 0.5755638926823448, 0.5857055614401337, 0.5958715498067102, 0.6060617298234303, 0.6162759705501321, 0.6265140934218142, 0.6367759165551448, 0.6470612107714658, 0.657369743270055, 0.6677012345091033, 0.678055401059716, 0.6884319135354806, 0.6988304384417173, 0.7092505973421553, 0.7196920075194434, 0.730154242564249, 0.7406368716655506, 0.7511394218031463, 0.7616614154898061, 0.7722023347427198, 0.7827616571042004, 0.7933388215610229, 0.8039332626760505, 0.8145443786167315, 0.8251715632367688, 0.8358141763662769, 0.8464715736904204, 0.8571430794439328, 0.8678280139424888, 0.8785256688134927, 0.8892353320457916, 0.8999562658769314, 0.9106877292376055, 0.9214289584030183, 0.9321791867201579, 0.9429376281175736, 0.9537034940160894, 0.9644759797773041, 0.9752542787116341, 0.986037571531281, 0.996825037383433, 1.0076158463584117, 1.018409167490383, 1.0292041643560081, 1.04]
[0.05, 0.059050205086100684, 0.06810128459242384, 0.07715411311621273, 0.0862095624021922, 0.09526850472295663, 0.10433180664856462, 0.11340033561825626, 0.12247495052382423, 0.13155651145179922, 0.14064586710426819, 0.14974386768184617, 0.15885134917473848, 0.16796914934797988, 0.17709808894477444, 0.18623899072661457, 0.19539265764029132, 0.20455989485659018, 0.21374148496185424, 0.222938212929982, 0.23215083840904555, 0.24138012355228183, 0.25062680248001573, 0.25989161188623877, 0.2691752577659527, 0.27847844870476973, 0.28780185997176294, 0.2971461693903094, 0.3065120189065818, 0.31590005293060774, 0.3253108775006358, 0.33474510097411664, 0.34420329091828805, 0.3536860170215282, 0.3631938058505829, 0.3727271858435255, 0.38228664008404833, 0.39187265322813103, 0.40148566245567036, 0.4111261061739568, 0.42079437331656117, 0.43049085365789796, 0.4402158856386486, 0.44996980811711057, 0.4597529069094385, 0.46956546779520186, 0.4794077219692865, 0.4892799001111763, 0.4991821769533928, 0.5091147262165557, 0.5190776645066526, 0.5290711069109957, 0.5390951104433193, 0.5491497300894145, 0.5592349620249599, 0.5693507998939569, 0.5794971780292197, 0.58967402774184, 0.5998812207783045, 0.6101186253951674, 0.6203860502897472, 0.6306833002310542, 0.6410101207028676, 0.6513662528598329, 0.6617513791223577, 0.6721651772257331, 0.6826072670056567, 0.6930772633082997, 0.7035747242033181, 0.7140992025240501, 0.7246501957415618, 0.7352271959066627, 0.7458296414138349, 0.7564569651205358, 0.7671085482237519, 0.7777837663371581, 0.7884819456955209, 0.7992024069767094, 0.8099444240402653, 0.8207072652890234, 0.831490155137889, 0.8422923127189155, 0.8531129162647323, 0.8639511389713247, 0.8748061164676892, 0.8856769796622251, 0.8965628254561409, 0.9074627464122536, 0.9183758048545028, 0.9293010592120052, 0.9402375416308525, 0.9511842808613966, 0.9621402834914384, 0.9731045532608361, 0.9840760760073411, 0.9950538353096304, 1.0060368012185488, 1.0170239421474478, 1.0280142174425924, 1.0390065854581196, 1.05]
[0.06, 0.06886217335504584, 0.07772539472992099, 0.08659071043520197, 0.09545916720535094, 0.10433180664856462, 0.1132096712131715, 0.12209379480876305, 0.13098521258612988, 0.1398849477526276, 0.1487940251353604, 0.15771345422461233, 0.16664424647940465, 0.1755873946438284, 0.18454389374349192, 0.1935147167307342, 0.2025008391098215, 0.21150321097831692, 0.22052278520816598, 0.22956048596195022, 0.23861724034621112, 0.24769394349292284, 0.2567914935905375, 0.26591075363276834, 0.27505258972189667, 0.2842178295988465, 0.2934073041022814, 0.30262180260595145, 0.3118621175060443, 0.32112899670386097, 0.33042319098278605, 0.33974540368646705, 0.3490963408356638, 0.35847665816420976, 0.3678870138149291, 0.37732801290769485, 0.38680026264260264, 0.3963043145863433, 0.40584072199994914, 0.41540998004138946, 0.4250125851245191, 0.43464897324720275, 0.4443195811776612, 0.4540247831284428, 0.46376495355625547, 0.47354040241263845, 0.48335143933366087, 0.4931983077081013, 0.5030812500241791, 0.5130004410053162, 0.5229560538724303, 0.5329481928058263, 0.5429769598736178, 0.5530423870858616, 0.5631445037324802, 0.5732832683023114, 0.5834586359675712, 0.5936704906459319, 0.6039187123631955, 0.6142031097407317, 0.6245234869637215, 0.6348795769791917, 0.645271107794027, 0.6556977366703314, 0.6661591154754875, 0.676654826161589, 0.6871844448892233, 0.6977474790761771, 0.7083434300174108, 0.7189717317850938, 0.7296318120694868, 0.7403230332075642, 0.7510447509732882, 0.7617962580055951, 0.7725768402818679, 0.783385723207902, 0.7942221255152812, 0.805085208266097, 0.8159741259234413, 0.8268879785121463, 0.8378258596217089, 0.8487868119512079, 0.8597698720156514, 0.870774029288565, 0.881798267395979, 0.8928415270540345, 0.903902743549554, 0.914980813652488, 0.9260746291981599, 0.9371830481355857, 0.9483049240439737, 0.9594390814580139, 0.9705843411699488, 0.9817394999519851, 0.9929033515151208, 1.0040746707270296, 1.0152522301196918, 1.026434788678619, 1.0376211038130452, 1.0488099247693525, 1.06]
[0.07, 0.0786751908740251, 0.08735160144581418, 0.09603045166094921, 0.10471295748393049, 0.11340033561825626, 0.12209379480876305, 0.13079454501715523, 0.1395037842760433, 0.14822271229078607, 0.15695251287829537, 0.1656943719537338, 0.1744494555998999, 0.18321893238497983, 0.1920039471212303, 0.20080564744759294, 0.20962515334946402, 0.21846358792752943, 0.22732204276366083, 0.23620161278479918, 0.24510335757345056, 0.2540283402228315, 0.26297758470404736, 0.2719521185960075, 0.28095292663514615, 0.2899809971908252, 0.29903727213737574, 0.3081226969328437, 0.31723816696715973, 0.3263845810891698, 0.33556278459883654, 0.3447736260545622, 0.3540178970914379, 0.3632963923279435, 0.3726098462063307, 0.3819589958049233, 0.3913445149106699, 0.4007670795305227, 0.41022729941994684, 0.4197257860742927, 0.4292630819505039, 0.43883973070709, 0.44845620436933875, 0.4581129755745225, 0.4678104429434801, 0.47754900507614295, 0.48732898440429634, 0.4971507026714806, 0.5070144035529474, 0.5169203293435859, 0.5268686426414337, 0.5368595039575991, 0.5468929927690389, 0.5569691857556126, 0.5670880775360765, 0.5772496592295152, 0.5874538391955044, 0.59770052161034, 0.6079895275379528, 0.618320673205714, 0.6286936917368448, 0.6391083108062103, 0.6495641753675391, 0.660060924366655, 0.6705981147977038, 0.681175297149794, 0.691791941125547, 0.7024475094972206, 0.7131413858181731, 0.7238729463663117, 0.734641490174431, 0.7454463087423301, 0.7562866187054238, 0.7671616290021548, 0.7780704764917494, 0.7890122902706751, 0.7999861305399169, 0.8109910497732044, 0.8220260351217523, 0.8330900661478187, 0.8441820610405059, 0.855300930640904, 0.8664455287263638, 0.8776147020679871, 0.8888072450228286, 0.9000219453807813, 0.9112575434845422, 0.9225127736409355, 0.9337863279673083, 0.9450768931619358, 0.956383119252947, 0.9677036515435639, 0.979037104415831, 0.9903820882889443, 1.0017371886051365, 1.013100987663092, 1.0244720488875325, 1.0358489334245233, 1.0472301897697893, 1.0586143650384354, 1.07]
[0.08, 0.0884894300532969, 0.09698025148229246, 0.10547385339197765, 0.11397162545248739, 0.12247495052382423, 0.13098521258612988, 0.1395037842760433, 0.14803203988517294, 0.15657133783861762, 0.1651230387213604, 0.17368848274394635, 0.1822690127424476, 0.19086594669092494, 0.1994806056065037, 0.20811428118306413, 0.21676826851879663, 0.22544382896058276, 0.23414222755714728, 0.24286469121881554, 0.2516124507850336, 0.2603866946196186, 0.2691886151669712, 0.27801935811856143, 0.2868800733176121, 0.29577185964836433, 0.30469582013437513, 0.3136530027180521, 0.3226444593830027, 0.331671183007378, 0.3407341703259582, 0.3498343550569457, 0.3589726745047174, 0.36814999917578844, 0.37736720280844954, 0.38662508870961326, 0.395924462982943, 0.4052660578341024, 0.4146506077545391, 0.4240787700581884, 0.43355120376387857, 0.4430684876416768, 0.4526312015230251, 0.4622398421495426, 0.47189490662657646, 0.48159680638126384, 0.4913459524622929, 0.5011426679272443, 0.5109872746791234, 0.5208800046153038, 0.5308210876799254, 0.5408106621180108, 0.5508488634122497, 0.560935733995909, 0.5710713127329748, 0.5812555444521739, 0.5914883696210462, 0.6017696340706149, 0.6120991785068368, 0.6224767488010553, 0.6329020849765601, 0.6433748324438027, 0.6538946300956076, 0.6644610228681138, 0.6750735485756352, 0.6857316521782961, 0.696434770986751, 0.707182251015431, 0.7179734301883894, 0.7288075571528884, 0.7396838721206397, 0.7506015285100708, 0.7615596710622444, 0.772557360671537, 0.7835936494225906, 0.7946675089582875, 0.8057779020932699, 0.8169237150550122, 0.8281038253407456, 0.8393170381521471, 0.8505621501759316, 0.861837890515256, 0.8731429800897585, 0.8844760773472884, 0.8958358329967531, 0.9072208407623359, 0.9186296871820722, 0.9300609076434372, 0.9415130310020244, 0.9529845411124286, 0.9644739160446377, 0.975979595297643, 0.9875000134160533, 0.9990335730460476, 1.0105786727811013, 1.0221336861909447, 1.0336969837530068, 1.0452669179551706, 1.0568418391983856, 1.0684200870434444, 1.08]
[0.09, 0.09830506354204249, 0.10661168758380783, 0.11492143294360646, 0.12323585534254794, 0.13155651145179922, 0.1398849477526276, 0.14822271229078607, 0.15657133783861762, 0.16493235931922476, 0.17330729131303027, 0.18169765109859337, 0.19010493056235986, 0.19853062478716502, 0.2069761984404411, 0.21544311982556846, 0.22393282184056038, 0.23244674139146537, 0.24098627503052894, 0.24955282361479336, 0.25814774274994867, 0.2667723925611089, 0.2754280830860038, 0.28411612900863026, 0.2928377901630844, 0.3015943310644018, 0.3103869567021561, 0.31921687668632615, 0.32808523652775456, 0.33699318620033863, 0.34594180712349715, 0.35493218492541134, 0.3639653323607229, 0.373042266043003, 0.38216392554891676, 0.3913312538716303, 0.40054511298053785, 0.4098063677309982, 0.41911579816632294, 0.4284741866031508, 0.4378822269796188, 0.4473406148199274, 0.4568499539493374, 0.4664108490261504, 0.47602380996025295, 0.48568934668595665, 0.4954078716360913, 0.5051797964150397, 0.5150054326947193, 0.52488509043383, 0.5348189775752991, 0.544807299445378, 0.5548501576440907, 0.564947650246511, 0.5750997702882914, 0.5853065063813642, 0.5955677412055778, 0.6058833521423387, 0.6162531101905875, 0.626676780214682, 0.6371540207082546, 0.6476844832470685, 0.6582677135275781, 0.6689032496117041, 0.6795905246680408, 0.6903289635936166, 0.7011178878845526, 0.7119566102200185, 0.7228443418856474, 0.7337802849071715, 0.7447635424439657, 0.7557932080643401, 0.7668682795181682, 0.7779877447525964, 0.7891504994617883, 0.8003554294509353, 0.8116013323477089, 0.8228869959339552, 0.8342111243875239, 0.8455724122149099, 0.8569694753737572, 0.8684009204559723, 0.8798652810204679, 0.8913610816948533, 0.9028867800250013, 0.9144408251842749, 0.9260216056213741, 0.9376275020890996, 0.9492568413448346, 0.9609079432359496, 0.9725790806783768, 0.9842685205627917, 0.9959744902062313, 1.0076952118719942, 1.019428875857363, 1.0311736684505501, 1.0429277517845414, 1.054689285086186, 1.0664564113922308, 1.0782272719785833, 1.09]
[0.1, 0.10812226170544367, 0.1162462530346344, 0.12437370078626732, 0.13250633246536137, 0.14064586710426819, 0.1487940251353604, 0.15695251287829537, 0.1651230387213604, 0.17330729131303027, 0.18150696200179908, 0.18972371678808977, 0.19795922495487225, 0.20621512485420984, 0.21449305864338802, 0.22279463199883667, 0.23112145485484248, 0.2394750951562889, 0.24785712547927452, 0.25626907095306967, 0.2647124616240975, 0.273188774696719, 0.28169949248404275, 0.29024603913660446, 0.29882984400536167, 0.3074522730470022, 0.3161146974062586, 0.32481841970643077, 0.3335647476398468, 0.34235491537215756, 0.35119016191141256, 0.3600716478747186, 0.36900053838803526, 0.37797791548380066, 0.3870048652652432, 0.3960823862234729, 0.4052114803819245, 0.4143930578410784, 0.4236280316006835, 0.43291721865958843, 0.4422614381957327, 0.45166140956739675, 0.4611178535137129, 0.470631387421833, 0.4802026291940149, 0.4898320901625987, 0.4995202812537025, 0.5092676039483293, 0.5190744583574908, 0.5289411326430663, 0.538867912604918, 0.548854969989102, 0.5589024731744007, 0.5690104748079733, 0.5791790231668609, 0.589408049571977, 0.5996974799897025, 0.6100471226840835, 0.6204567796147874, 0.6309261347943211, 0.6414548650315245, 0.6520425294653933, 0.6626886791980915, 0.6733927484794116, 0.684154162770139, 0.6949722320511827, 0.705846256857154, 0.7167754241816338, 0.7277589110221611, 0.7387957833478814, 0.7498850967008899, 0.7610257986845467, 0.7722168261723682, 0.7834570117645792, 0.7947451771645564, 0.8060800440376809, 0.8174603231267722, 0.8288846299310201, 0.8403515691459205, 0.8518596555610477, 0.863407393426714, 0.8749932029476646, 0.8866154941979978, 0.8982725995636182, 0.9099628418488283, 0.9216844729936944, 0.933435736040059, 0.9452148104210084, 0.9570198674807556, 0.9688490226023408, 0.9807003840047473, 0.9925720119420192, 1.0044619605319378, 1.016368244225134, 1.0282888724524852, 1.0402218235267782, 1.052165071930462, 1.0641165697752626, 1.0760742665878127, 1.0880360984145905, 1.1]
[0.11, 0.11794119520833274, 0.1258842859854418, 0.1338311682894019, 0.14178373188096616, 0.14974386768184617, 0.15771345422461233, 0.1656943719537338, 0.17368848274394635, 0.18169765109859337, 0.18972371678808977, 0.1977685228808725, 0.2058338815734809, 0.2139216089701611, 0.22203348419621033, 0.2301712908229494, 0.23833676937636902, 0.24653166528475703, 0.25475767491535223, 0.26301649990236636, 0.2713097868652975, 0.2796391879554116, 0.2880062944305869, 0.2964127032385074, 0.3048599446443809, 0.3133495546491585, 0.3218829968881568, 0.33046174066257156, 0.3390871773488898, 0.3477607038018424, 0.3564836335364489, 0.3652572852404023, 0.37408288901256703, 0.382961679702661, 0.3918947985119328, 0.40088339085797936, 0.40992850366504097, 0.41903118743195483, 0.42819238956090305, 0.4374130602869478, 0.44669404241500776, 0.45603618075026625, 0.4654402086334694, 0.47490686049287634, 0.4844367555875064, 0.4940305132833384, 0.5036886344327063, 0.5134116189603065, 0.5231998453243594, 0.5330536899818095, 0.5429734053929451, 0.5529592409201362, 0.5630113198521384, 0.5731297612769822, 0.5833145566149833, 0.5935656919941502, 0.6038830247917835, 0.6142664060301806, 0.6247155574354497, 0.6352301933625324, 0.6458098988862976, 0.656454250758152, 0.6671626970484502, 0.6779346766323764, 0.6887695009040575, 0.6996664712871336, 0.7106247635395586, 0.7216435427844714, 0.7327218509203968, 0.7438587186708135, 0.7550530566072442, 0.7663037637213921, 0.7776096225583644, 0.7889694038235154, 0.8003817661097531, 0.8118453560623297, 0.8233587131678378, 0.8349203650141848, 0.8465287375895097, 0.85818224519147, 0.8698792066619723, 0.8816179295196751, 0.8933966325312176, 0.9052135236634448, 0.9170667293638666, 0.928954365954475, 0.940874475963624, 0.952825092611318, 0.964804183501752, 0.9768097078804844, 0.9888395679617397, 1.0008916586707401, 1.0129638268427934, 1.0250539131990808, 1.0371597196157778, 1.0492790431185421, 1.0614096513797453, 1.0735493085555283, 1.0856957591279508, 1.0978467454485206, 1.11]
[0.12, 0.12776203186457255, 0.1355261252429507, 0.14329433827843135, 0.15106872996165907, 0.15885134917473848, 0.16664424647940465, 0.1744494555998999, 0.1822690127424476, 0.19010493056235986, 0.19795922495487225, 0.2058338815734809, 0.2137308900112494, 0.2216522029591481, 0.2295997776759445, 0.237575527897365, 0.24558137247158984, 0.25361918015239765, 0.26169082525608106, 0.2697981254943762, 0.2779429044872733, 0.28612692281447777, 0.29435194719710306, 0.302619674969639, 0.3109318097218862, 0.31928997941689014, 0.32769581826272043, 0.3361508787255226, 0.3446567193788885, 0.35321481108501845, 0.3618266305475129, 0.37049356095754665, 0.3792169909539934, 0.38799821005539287, 0.39683851270947135, 0.4057390888554192, 0.41470113272317594, 0.42372572889399635, 0.43281396548843476, 0.4419668161162148, 0.4511852570707859, 0.460470145581966, 0.46982234061438255, 0.4792425778580519, 0.488731593708105, 0.49828999744920577, 0.5079183979748577, 0.5176172736411527, 0.5273871012658179, 0.5372282241450171, 0.5471409828553118, 0.5571255819438972, 0.5671822220409904, 0.5773109657487663, 0.5875118705575422, 0.597784854471557, 0.6081298292098957, 0.618546566117928, 0.6290348291233813, 0.6395942414905282, 0.65022441799337, 0.6609248330753346, 0.6716949516953576, 0.6825340994587547, 0.6934415915882548, 0.7044166055916885, 0.7154583078088934, 0.7265657291787799, 0.7377378888146452, 0.748973673426926, 0.7602719573839472, 0.7716314863371727, 0.7830509932318833, 0.7945290866689331, 0.8060643623403898, 0.8176552966456757, 0.8293003530408565, 0.8409978814076136, 0.8527462188216723, 0.8645435951503522, 0.8763882277655761, 0.8882782338198726, 0.9002117184524654, 0.9121866941646735, 0.9242011620936819, 0.936253038876445, 0.9483402305947916, 0.9604605674823841, 0.972611870176662, 0.9847918925863564, 0.996998380120278, 1.0092290209935804, 1.0214814961403438, 1.0337534391954981, 1.0460424778373187, 1.0583462026389499, 1.0706621996280676, 1.082988028157614, 1.095321244512689, 1.1076593889047515, 1.12]
[0.13, 0.13758493984288958, 0.1451721033495048, 0.15276371464347394, 0.16036199057053319, 0.16796914934797988, 0.1755873946438284, 0.18321893238497983, 0.19086594669092494, 0.19853062478716502, 0.20621512485420984, 0.2139216089701611, 0.2216522029591481, 0.22940903726432407, 0.2371941989035559, 0.24500978015134642, 0.25285782273357216, 0.2607403741739959, 0.26865942438414725, 0.27661696950710374, 0.28461494108323643, 0.29265527720080137, 0.3007398444432142, 0.3088705161327037, 0.31704908729001435, 0.325277359733935, 0.3335570503098159, 0.34188988258422487, 0.35027748862434355, 0.35872150700335725, 0.36722347843859016, 0.3757849497995561, 0.3844073639385102, 0.39309216936944164, 0.40184070465044436, 0.41065431337841146, 0.41953422350812597, 0.4284816672841159, 0.43749775590648843, 0.44658360399844804, 0.4557402000534748, 0.4649685350145211, 0.4742694689609901, 0.48364386335376036, 0.4930924444433467, 0.5026159387138256, 0.5122149335153502, 0.5218900152199276, 0.5316416276018988, 0.5414702121995407, 0.5513760649859778, 0.5613594784129409, 0.5714205969316243, 0.581559560178831, 0.5917763579222907, 0.6020709738350626, 0.6124432404525627, 0.6228929829686863, 0.633419874802033, 0.6440235808369531, 0.6547036142040004, 0.6654594783812033, 0.6762905257984138, 0.6871960982087443, 0.698175387728046, 0.7092275748838199, 0.720351692699385, 0.7315467618278266, 0.7428116582853814, 0.7541452450812771, 0.7655462441963599, 0.7770133641261348, 0.7885451766886139, 0.8001402399075933, 0.8117969802180738, 0.8235138101298728, 0.8352890163797605, 0.8471208718319605, 0.8590075301033794, 0.8709471311774043, 0.8829377030023668, 0.894977260318273, 0.9070637136990405, 0.9191949611183532, 0.9313688048733737, 0.9435830354457175, 0.9558353567084683, 0.9681234616711681, 0.9804449663332758, 0.9927974769379212, 1.005178532793685, 1.0175856647004682, 1.030016347017928, 1.0424680469679362, 1.0549381861824823, 1.0674241806305833, 1.0799234118312915, 1.092433257198276, 1.1049510710551143, 1.1174742052377789, 1.13]
[0.14, 0.14741008389698146, 0.15482255360760863, 0.16223979104022473, 0.16966417909127385, 0.17709808894477444, 0.18454389374349192, 0.1920039471212303, 0.1994806056065037, 0.2069761984404411, 0.21449305864338802, 0.22203348419621033, 0.2295997776759445, 0.2371941989035559, 0.2448190130303816, 0.25247643478098397, 0.2601686848476531, 0.2678979258829165, 0.27566632703475996, 0.28347599186962463, 0.2913290308562402, 0.2992274814265529, 0.3071733881911411, 0.31516871537245716, 0.3232154345097047, 0.3313154295260104, 0.3394705916554111, 0.34768271743303975, 0.3559536105515251, 0.3642849730909148, 0.37267851398637997, 0.3811358338423089, 0.3896585396678026, 0.3982481236470448, 0.4069060837737515, 0.4156337969774262, 0.42443264526278673, 0.4333038836186951, 0.4422487712437509, 0.4512684346913689, 0.4603640037383304, 0.46953647024548845, 0.47878682820225477, 0.48811592880753113, 0.4975246242000552, 0.5070136192881685, 0.5165836186538212, 0.5262351756824653, 0.5359688421075264, 0.5457850150128108, 0.5556840884645898, 0.5656662989781923, 0.5757318786667273, 0.5858808997807442, 0.5961134287862669, 0.6064293706012991, 0.6168286230014639, 0.627310921189478, 0.6378759919145167, 0.648523399020331, 0.659252696654704, 0.6700632764484324, 0.6809545191841165, 0.691925644261561, 0.7029758591908445, 0.7141042119996469, 0.7253097379142615, 0.7365913153607591, 0.7479478091995052, 0.7593779309648135, 0.770880378023756, 0.7824536986879258, 0.7940964266760191, 0.8058069517164711, 0.8175836487055174, 0.8294247544007675, 0.8413284906822988, 0.8532929479146997, 0.8653162017382361, 0.8773962036505917, 0.8895308907782778, 0.9017180841993099, 0.913955591171767, 0.9262411116851145, 0.9385723326530778, 0.950946843144434, 0.9633622200810218, 0.9758159525587913, 0.9883055186286934, 1.000828319075842, 1.013381744901003, 1.0259631208801845, 1.0385697634072597, 1.0511989341084689, 1.0638478877520892, 1.0765138361425568, 1.0891939858507524, 1.1018855125610985, 1.114585588425623, 1.1272913669848488, 1.1400000000000001]
[0.15, 0.15723762918403367, 0.16447780193121345, 0.17172306233501708, 0.17897594615355805, 0.18623899072661457, 0.1935147167307342, 0.20080564744759294, 0.20811428118306413, 0.21544311982556846, 0.22279463199883667, 0.2301712908229494, 0.237575527897365, 0.24500978015134642, 0.25247643478098397, 0.25997788504961683, 0.26751646633008697, 0.2750945206895485, 0.2827143242160603, 0.2903781601958097, 0.2980882379313914, 0.3058467742929356, 0.3136559042640204, 0.32151777062148446, 0.3294344264738479, 0.33740793279771836, 0.3454402532628059, 0.3535333593258224, 0.36168911766560496, 0.3699094025083025, 0.378195976025681, 0.38655060753825526, 0.39497494725942317, 0.40347065199611215, 0.41203925265085384, 0.4206822860125674, 0.4294011564578899, 0.43819727339803266, 0.4470719076494466, 0.45602633407639803, 0.4650616831291887, 0.4741790881963525, 0.483379532835952, 0.49266400232627, 0.5020333271419455, 0.511488338167906, 0.5210297069970432, 0.53065810424911, 0.540374037290014, 0.5501780110756939, 0.5600703639146805, 0.570051430236787, 0.5801213750400819, 0.5902803579658173, 0.6005283670881063, 0.6108653836601019, 0.621291215919224, 0.6318056638554215, 0.6424083537164902, 0.6530989021375357, 0.6638767520395317, 0.6747413354500823, 0.6856919114936499, 0.696727727227618, 0.7078478584243774, 0.7190513677437032, 0.7303371490049511, 0.7417040820170897, 0.753150881033463, 0.7646762455646193, 0.7762787136983351, 0.7879568082278129, 0.7997088955058366, 0.8115333262320763, 0.8234283004923333, 0.8353920025636784, 0.8474224727677265, 0.8595177356712004, 0.8716756793560959, 0.8838941764160229, 0.8961709712160592, 0.9085037931118423, 0.9208902522379964, 0.9333279444073869, 0.945814355929389, 0.9583469596808549, 0.9709231294144133, 0.9835402265303886, 0.9961955242910102, 1.0088862848635893, 1.0216096938092674, 1.0343629270119687, 1.047143095760449, 1.0599473032246505, 1.0727726003976694, 1.085616031830831, 1.0984746026481893, 1.1113453133035727, 1.1242251378247385, 1.1371110474094792, 1.15]
[0.16, 0.16706773688585694, 0.17413817508436027, 0.18121401148049462, 0.18829794408767067, 0.19539265764029132, 0.2025008391098215, 0.20962515334946402, 0.21676826851879663, 0.22393282184056038, 0.23112145485484248, 0.23833676937636902, 0.24558137247158984, 0.25285782273357216, 0.2601686848476531, 0.26751646633008697, 0.27490368152012956, 0.2823327789580271, 0.289806214613446, 0.2973263701082166, 0.30489563496290156, 0.3125163158999196, 0.3201907278617434, 0.32792109466060504, 0.33570964849333423, 0.34355852223474787, 0.35146985714550183, 0.359445687137435, 0.3674880543420446, 0.37559888570740657, 0.38378011606605605, 0.3920335574545341, 0.400361029290636, 0.4087642208380133, 0.4172448280740322, 0.425804409753043, 0.4344445305175858, 0.4431666110447505, 0.45197207692530994, 0.46086220340783857, 0.46983826954270225, 0.4789013980680693, 0.4880527142886996, 0.4972931816764457, 0.5066237649276585, 0.5160452618779762, 0.5255584701571075, 0.5351640160433883, 0.5448625241109265, 0.5546544436733025, 0.5645402207957967, 0.5745201229994372, 0.5845944129905216, 0.594763172315695, 0.6050264761424698, 0.6153842165728707, 0.6258362777923925, 0.6363823597637093, 0.6470221530477438, 0.6577551636097323, 0.6685808866050622, 0.6794986330373662, 0.6905077017937492, 0.7016072088983335, 0.7127962570766618, 0.7240737683480291, 0.73543865039743, 0.7468896332459073, 0.7584254317106047, 0.7700445868840956, 0.7817456239690708, 0.7935268992850777, 0.8053867527742519, 0.8173233612370362, 0.82933488481926, 0.8414193271571858, 0.8535746751742354, 0.865798766790146, 0.8780894233777643, 0.8904443256612565, 0.9028611382096351, 0.9153373941149643, 0.9278706109296104, 0.9404581846773628, 0.9530974966757242, 0.9657858173910369, 0.978520403625306, 0.9912984126810322, 1.004116989433922, 1.016973191224458, 1.0298640643831805, 1.0427865802144045, 1.0557377005892945, 1.0687143253329094, 1.0817133465517508, 1.0947316076788938, 1.1077659462567049, 1.1208131648366078, 1.133870061993898, 1.146933415219132, 1.16]
[0.17, 0.17690056862880038, 0.18380399132667258, 0.19071312276318295, 0.19763080824169968, 0.20455989485659018, 0.21150321097831692, 0.21846358792752943, 0.22544382896058276, 0.23244674139146537, 0.2394750951562889, 0.24653166528475703, 0.25361918015239765, 0.2607403741739959, 0.2678979258829165, 0.2750945206895485, 0.2823327789580271, 0.2896153286432255, 0.2969447235665527, 0.3043235257153465, 0.3117542139512054, 0.3192392757257684, 0.32678110648721315, 0.3343821105363543, 0.34204459142948074, 0.34977086166846966, 0.3575631244309869, 0.3654235917579347, 0.37335435797512917, 0.3813575260109141, 0.3894350729066613, 0.39758898386687086, 0.40582111028908047, 0.41413331111832097, 0.42252730386013215, 0.4310048127809559, 0.43956741340076877, 0.44821668705100465, 0.45695405937563144, 0.4657809607286592, 0.47469865924409077, 0.4837084265261561, 0.4928113658792272, 0.5020085827158111, 0.5113010085669821, 0.5206895756060776, 0.530175037088192, 0.5397581453616757, 0.549439469411477, 0.5592195757061782, 0.5690988435441741, 0.5790776480613421, 0.5891561741009137, 0.5993346006862234, 0.6096129141543611, 0.6199910933800453, 0.6304689229294563, 0.6410461783053819, 0.6517224398907401, 0.6624972774720288, 0.6733700657516679, 0.6843401673967009, 0.6954067509049837, 0.7065689714192694, 0.7178257917342162, 0.729176160112675, 0.7406188352182713, 0.7521525601711297, 0.7637758921842352, 0.7754873721001446, 0.7872853594983328, 0.799168196962822, 0.8111340514121679, 0.823181072360517, 0.8353072402017288, 0.8475105177432559, 0.8597887061511345, 0.872139589057309, 0.8845607968429051, 0.8970499426452172, 0.9096044956228841, 0.9222219082187041, 0.9348994990122097, 0.9476345706286927, 0.9604243027424092, 0.9732658600605675, 0.9861562959942343, 0.9990926501884023, 1.0120718633278745, 1.025090863730685, 1.0381464937031495, 1.0512355847635946, 1.0643548959047384, 1.0775011770676137, 1.0906711196108618, 1.1038614077105733, 1.1170686812754003, 1.1302895750063886, 1.1435206939344764, 1.1567586399348775, 1.17]
[0.18, 0.18673628150812277, 0.19347556984174288, 0.20022086689053872, 0.20697517581230576, 0.21374148496185424, 0.22052278520816598, 0.22732204276366083, 0.23414222755714728, 0.24098627503052894, 0.24785712547927452, 0.25475767491535223, 0.26169082525608106, 0.26865942438414725, 0.27566632703475996, 0.2827143242160603, 0.289806214613446, 0.2969447235665527, 0.3041325847783966, 0.31137244907840794, 0.3186669761926357, 0.3260187335560402, 0.3334302978684025, 0.34090414425321103, 0.3484427572921226, 0.35604851086226247, 0.3637237883101196, 0.3714708533338514, 0.3792919789254009, 0.38718930969936777, 0.3951649991999724, 0.4032210641131051, 0.41135952950261506, 0.4195822753771381, 0.4278911893881621, 0.4362880062579944, 0.44477446744027305, 0.4533521539497768, 0.4620226524546672, 0.4707873820825476, 0.4796477663829006, 0.48860505471663473, 0.4976604994971172, 0.5068151728021482, 0.5160701482728862, 0.5254263136174877, 0.5348845565193137, 0.5444455737300667, 0.5541100603121977, 0.563878516045975, 0.5737514373062238, 0.5837291215320549, 0.5938118610152495, 0.6039997462030491, 0.6142928606549047, 0.6246910839674749, 0.6351942871383782, 0.6458021359180597, 0.6565142858038882, 0.6673301866355408, 0.6782492764305528, 0.6892707880480576, 0.7003939410679837, 0.7116177513521258, 0.7229412201638458, 0.7343631474553078, 0.7458823174230114, 0.7574973163454062, 0.7692067137720753, 0.7810088857266972, 0.7929021907343932, 0.8048847991910012, 0.8169548634441547, 0.8291103541110084, 0.8413492234441475, 0.8536692493562205, 0.866068191321872, 0.8785436428392215, 0.8910931791437059, 0.9037142188030582, 0.9164041625482325, 0.9291602646606206, 0.9419797622590639, 0.954859757095651, 0.9677973346760982, 0.9807894570338441, 0.9938330711036537, 1.0069250129931229, 1.0200621050760417, 1.0332410722261656, 1.0464586271474128, 1.0597113989772207, 1.072996006424762, 1.0863089990907642, 1.099646918042289, 1.1130062501330056, 1.1263834757032882, 1.139775036120063, 1.1531773683536515, 1.1665868858899209, 1.18]
[0.19, 0.19657503309621785, 0.20315322020315524, 0.2097377160018062, 0.21633166480629942, 0.222938212929982, 0.22956048596195022, 0.23620161278479918, 0.24286469121881554, 0.24955282361479336, 0.25626907095306967, 0.26301649990236636, 0.2697981254943762, 0.27661696950710374, 0.28347599186962463, 0.2903781601958097, 0.2973263701082166, 0.3043235257153465, 0.31137244907840794, 0.3184759713923381, 0.3256368318544094, 0.33285777927613064, 0.3401414606483283, 0.34749053287772214, 0.35490754137917346, 0.3623950415972195, 0.3699554679925779, 0.377591264975256, 0.3853047466890548, 0.39309823694909873, 0.40097392026487916, 0.40893399034125416, 0.41698049281737876, 0.4251154818564999, 0.4333408551147746, 0.4416585179116539, 0.45007021097890465, 0.45857768167018265, 0.46718250507633213, 0.47588626170006026, 0.48469035255855414, 0.4935961827171765, 0.5026049710343503, 0.5117179389171085, 0.5209361153957752, 0.5302605304342446, 0.5396920160529401, 0.549231403498121, 0.5588793211606091, 0.5686363948814902, 0.5785030434408418, 0.5884796812521862, 0.5985665122196073, 0.6087637340505008, 0.6190713313007119, 0.6294892805148066, 0.6400173432968665, 0.6506552714699684, 0.6614026010247278, 0.6722588564752052, 0.6832233465478991, 0.6942953669001847, 0.7054739984189358, 0.7167583074601158, 0.7281471476283073, 0.7396393566924712, 0.7512335627151617, 0.762928376799973, 0.7747222044319384, 0.7866134332170066, 0.798600250282908, 0.8106808241803328, 0.8228531291762938, 0.8351151205006517, 0.8474645663416657, 0.8598992156402315, 0.8724166385698787, 0.8850143861046259, 0.8976898397332054, 0.9104403620548034, 0.9232631564398798, 0.9361554079412308, 0.94911415357156, 0.9621364128552014, 0.9752190693458115, 0.9883589901865798, 1.0015529194403148, 1.0147975860728717, 1.0280896096127963, 1.041425596023796, 1.0548020561523492, 1.068215489010045, 1.0816623134055576, 1.0951389382162642, 1.1086417075361674, 1.1221669575779945, 1.1357109756014994, 1.149270043151829, 1.1628404089636555, 1.176418318308533, 1.19]
