Метод 2: Кубический сплайн
X:          0          1          2          3          4 
Y:          0        0.5    0.86603          1    0.86603 
X*=1.5
Сплайн S(x):
S(1)=0+0.524094(x-0)^1+0(x-0)^2-0.0240938(x-0)^3
S(2)=0.5+0.451812(x-1)^1-0.0722813(x-1)^2-0.0135012(x-1)^3
S(3)=0.86603+0.266746(x-2)^1-0.112785(x-2)^2-0.0199913(x-2)^3
S(4)=1-0.0187975(x-3)^1-0.172759(x-3)^2+0.0575863(x-3)^3
S(X*)=0.706148
