Метод 3: МНК-аппроксимация
X:         -1          0          1          2          3          4 
Y:       -0.5          0        0.5    0.86603          1    0.86603 
Полиномы:
P1(x)=0.0183642+0.291319x^1
e1=0.270818
P2(x)=0.0735305+0.539568x^1-0.0827495x^2
e2=0.0151789
